             1.00000             0.00000             0.00000            -7.00667             1.00000
             2.00000             4.14411             1.36105             2.52500             0.00000
             3.00000             0.00000             0.00000             5.00000             1.00000
             4.00000             0.00000            14.10998           -18.68547             1.00000
             5.00000             0.00000            32.10995           -30.42715             1.00000
             6.00000             0.00000            50.10992           -30.43865             1.00000
             7.00000             0.00000            68.10994           -25.86472             1.00000
             8.00000             0.00000            86.10999           -18.35251             1.00000
             9.00000             0.00000           100.20980            -6.85857             1.00000
            10.00000             0.00000           100.20980             0.00000             1.00000
            11.00000             2.05926            95.56180             0.25848             0.00000
            12.00000             2.57581             1.58033            -7.04820             0.00000
            13.00000             2.48497            98.53146            -7.23889             0.00000
            14.00000             6.29548            12.31918             0.99996             2.00000
            15.00000             7.44875            82.22809             0.99996             2.00000
            16.00000             7.96791             3.08882             1.92628             0.00000
            17.00000             3.10437            97.32705            -0.42891             0.00000
            18.00000             4.57914             1.47526            -2.46097             0.00000
            19.00000             4.19289            99.59327            -2.65918             0.00000
            20.00000             4.90701            15.38787           -18.56298             0.00000
            21.00000             4.90195            84.86355           -18.19548             0.00000
            22.00000            12.81720            29.25630             0.99996             2.00000
            23.00000            13.06427            64.96962             0.99996             2.00000
            24.00000             6.05276            33.30001           -29.35503             0.00000
            25.00000            11.35445             5.49338             1.09303             0.00000
            26.00000             5.99131            94.23375            -0.88914             0.00000
            27.00000            15.34027            47.09640             0.99996             2.00000
            28.00000             5.89297             4.10537            -7.91409             0.00000
            29.00000             5.77882            95.94451            -8.01575             0.00000
            30.00000             7.20039            49.49446           -29.19760             0.00000
            31.00000             7.05986            66.81288           -25.01405             0.00000
            32.00000            13.45222             8.96875            -0.11128             0.00000
            33.00000             8.61014            90.91746            -1.38254             0.00000
            34.00000            12.66166            12.89880            -1.47317             0.00000
            35.00000            10.90022            87.37295            -1.90990             0.00000
            36.00000             9.74216            16.87851           -18.42009             0.00000
            37.00000             9.71907            83.35973           -18.00603             0.00000
            38.00000             9.02315             6.83273            -8.84936             0.00000
            39.00000            11.02494            33.82312           -28.10734             0.00000
            40.00000             8.89515            93.16606            -8.85012             0.00000
            41.00000            10.59153            36.31745           -29.32569             0.00000
            42.00000            11.49352            46.14493           -29.23016             0.00000
            43.00000            12.01260            66.79699           -23.79127             0.00000
            44.00000            12.24703            49.66379           -28.03841             0.00000
            45.00000            11.51915            63.71867           -25.55974             0.00000
            46.00000            14.88207            12.93046            -5.96025             0.00000
            47.00000            14.14406            87.20002            -5.71813             0.00000
            48.00000            14.13764            83.09212            -2.67840             0.00000
            49.00000            17.04801            15.97470            -2.22736             0.00000
            50.00000            13.30115            41.02535           -29.27993             0.00000
            51.00000            11.91767             9.78127            -9.86048             0.00000
            52.00000            11.79161            90.17991            -9.74686             0.00000
            53.00000            13.25266            15.21636           -15.24791             0.00000
            54.00000            13.57094            84.78269           -15.13290             0.00000
            55.00000            19.45784            30.12590            -5.69724             0.00000
            56.00000            19.30075            68.09481            -5.37066             0.00000
            57.00000            15.70625            33.41520           -26.13643             0.00000
            58.00000            15.23936            54.13542           -27.24981             0.00000
            59.00000            14.83227            59.46960           -26.30909             0.00000
            60.00000            15.64398            36.71025           -28.09478             0.00000
            61.00000            14.32427            19.67799           -19.34328             0.00000
            62.00000            14.23104            80.42605           -18.77307             0.00000
            63.00000            14.51507            12.96565           -10.95248             0.00000
            64.00000            14.41566            86.97327           -10.70980             0.00000
            65.00000            17.07615            49.67071           -26.37131             0.00000
            66.00000            16.88684            66.77815           -22.34140             0.00000
            67.00000            16.62110            46.42611           -28.05250             0.00000
            68.00000            16.73328            78.40896            -3.51911             0.00000
            69.00000            20.40333            20.09345            -3.23727             0.00000
            70.00000            22.24355            48.47906            -6.61404             0.00000
            71.00000            18.50823            73.36994            -4.42370             0.00000
            72.00000            21.45026            25.24460            -4.50033             0.00000
            73.00000            21.87241            30.64146           -10.08224             0.00000
            74.00000            21.51488            68.12535            -9.87773             0.00000
            75.00000            18.49237            41.33239           -28.07467             0.00000
            76.00000            20.13661            32.91251           -23.70762             0.00000
            77.00000            20.54414            67.38895           -18.93804             0.00000
            78.00000            22.65852            63.86025            -5.63908             0.00000
            79.00000            23.42443            33.79853            -5.88069             0.00000
            80.00000            17.88305            76.54182           -19.78862             0.00000
            81.00000            18.28186            23.22013           -20.51137             0.00000
            82.00000            19.29560            71.47837           -21.11250             0.00000
            83.00000            24.64088            48.92111           -11.01995             0.00000
            84.00000            18.36207            16.71053           -11.71650             0.00000
            85.00000            21.75119            49.67908           -24.35875             0.00000
            86.00000            22.77009            32.10471           -19.49143             0.00000
            87.00000            17.91450            82.91395           -11.56089             0.00000
            88.00000            24.42301            53.42003            -6.30085             0.00000
            89.00000            25.29352            44.01958            -6.39126             0.00000
            90.00000            23.05908            68.15770           -14.65463             0.00000
            91.00000            23.86821            31.18071           -14.66870             0.00000
            92.00000            20.78465            27.79599           -22.02035             0.00000
            93.00000            21.38049            63.72767           -22.70129             0.00000
            94.00000            24.58358            58.81538            -5.95886             0.00000
            95.00000            25.80912            38.64488            -6.12278             0.00000
            96.00000            24.83856            49.54486           -20.37635             0.00000
            97.00000            26.56254            49.38554           -15.64907             0.00000
            98.00000            21.58593            20.97956           -12.58746             0.00000
            99.00000            24.52208            36.12672           -23.83244             0.00000
           100.00000            20.80626            78.42310           -12.50243             0.00000
           101.00000            23.67448            25.87730           -13.58669             0.00000
           102.00000            22.69841            73.45073           -13.54492             0.00000
           103.00000            24.88841            54.08038           -23.83948             0.00000
           104.00000            25.80150            46.05873           -24.21815             0.00000
           105.00000            24.70686            59.46436           -23.20428             0.00000
           106.00000            26.86916            64.30633           -14.85867             0.00000
           107.00000            27.83329            34.86934           -14.86733             0.00000
           108.00000            27.22426            40.82890           -24.01505             0.00000
           109.00000            29.22799            54.09534           -15.39958             0.00000
           110.00000            29.77661            45.03235           -15.41464             0.00000
           111.00000            29.35776            59.50142           -15.11320             0.00000
           112.00000            30.34886            39.65733           -15.12517             0.00000
